         0         -1       -0.6       -0.2        0.2        0.6          1        1.4        1.8        2.2        2.6          3 
         1          0  -0.621905      -0.22   0.181905    0.58381   0.985714    1.38762    1.78952    2.19143    2.59333          5 
         2          0  -0.107619  -0.240091   0.163719   0.567528   0.971338    1.37515    1.77896    2.18277    3.54122          5 
         3          0  -0.117186  0.0206371   0.145442   0.551156   0.956871    1.36259     1.7683    2.62861    3.53669          5 
         4          0 0.00697004 0.00692263   0.274218   0.534694   0.942313    1.34993    1.97402    2.62086    3.77022          5 
         5          0 0.000439348   0.133278   0.259195   0.595215   0.927664    1.44027    1.96371    2.83983    3.76617          5 
         6          0  0.0606088   0.122704   0.354201   0.580371    1.00238    1.42769     2.1153     2.8325    3.88087          5 
         7          0  0.0555732   0.199462   0.341593   0.665717   0.988616    1.53901    2.10522    2.96652    3.87702          5 
         8          0  0.0921248   0.190821   0.422441   0.652556    1.08633      1.527    2.22735    2.95941    3.94723          5 
         9          0  0.0880098   0.248466   0.411647   0.741437    1.07372    1.63634    2.21767    3.05681     3.9435          5 
        10          0    0.11546    0.24117   0.484166   0.729776    1.17234    1.62512    2.32133    3.04997    3.99452          5 
        11          0   0.111986   0.290082   0.474792   0.814727    1.16089    1.72615    2.31219    3.12856    3.99094          5 
        12          0   0.135277   0.283798   0.540865   0.804365     1.2535     1.7158    2.40254    3.12207     4.0321          5 
        13          0   0.132285   0.327462    0.53264   0.883071    1.24314    1.80733    2.39402      3.189     4.0287          5 
        14          0   0.153077   0.321978    0.59299   0.873832    1.32795    1.79785    2.47384    3.18292    4.06376          5 
        15          0   0.150466   0.361607   0.585718    0.94583     1.3186    1.88028    2.46598    3.24142    4.06058          5 
        16          0   0.169337   0.356776   0.640761   0.937567    1.39557    1.87164    2.53701    3.23579    4.09122          5 
        17          0   0.167036   0.392872   0.634296    1.00305    1.38712    1.94578     2.5298    3.28759    4.08827          5 
        18          0   0.184225   0.388588   0.684385   0.995643    1.45673    1.93792    2.59331    3.28241     4.1154          5 
        19          0   0.182185   0.421444   0.678614    1.05503    1.44911    2.00462    2.58673    3.32859    4.11269          5 
        20          0   0.197831   0.417627   0.724102    1.04837    1.51198     1.9975    2.64366    3.32385    4.13688          5 
        21          0   0.196013   0.447484   0.718935    1.10214     1.5051    2.05754    2.63767    3.36519     4.1344          5 
        22          0    0.21023   0.444071   0.760176    1.09616    1.56185    2.05108     2.6888    3.36087    4.15605          5 
        23          0   0.208605   0.471157    0.75554    1.14478    1.55565    2.10516    2.68336    3.39797    4.15379          5 
        24          0   0.221503   0.468098   0.792884     1.1394    1.60687    2.09932    2.72936    3.39404    4.17322          5 
        25          0   0.220047   0.492637   0.788718    1.18335    1.60127    2.14805    2.72443    3.42739    4.17117          5 
        26          0   0.231732    0.48989   0.822502     1.1785     1.6475    2.14277    2.76583    3.42383    4.18863          5 
        27          0   0.230424   0.512098   0.818754    1.21821    1.64244     2.1867    2.76137    3.45383    4.18677          5 
        28          0   0.240999   0.509629   0.849296    1.21384    1.68416    2.18193    2.79867    3.45061    4.20248          5 
        29          0   0.239823   0.529712   0.845921    1.24971     1.6796    2.22155    2.79463    3.47763    4.20079          5 
        30          0   0.249387   0.527489   0.873519    1.24577    1.71725    2.21723    2.82825    3.47471    4.21495          5 
        31          0   0.248328    0.54564   0.870479    1.27815    1.71313    2.25296     2.8246    3.49906    4.21342          5 
        32          0   0.256972   0.543638   0.895408     1.2746    1.74711    2.24907    2.85491    3.49642    4.22617          5 
        33          0   0.256018   0.560037   0.892667    1.30384     1.7434     2.2813    2.85162    3.51837    4.22479          5 
        34          0   0.263827   0.558232    0.91518    1.30063    1.77406    2.27779    2.87895    3.51599    4.23629          5 
        35          0   0.262968   0.573043   0.912709    1.32703    1.77071    2.30687    2.87598    3.53578    4.23504          5 
        36          0    0.27002   0.571416   0.933035    1.32414    1.79838    2.30369    2.90064    3.53363    4.24541          5 
        37          0   0.269246   0.584789   0.930806    1.34796    1.79535    2.32993    2.89795    3.55148    4.24428          5 
        38          0   0.275614   0.583322   0.949157    1.34535    1.82033    2.32706    2.92019    3.54953    4.25363          5 
        39          0   0.274915   0.595396   0.947146    1.36686     1.8176    2.35074    2.91776    3.56564    4.25261          5 
        40          0   0.280665   0.594073   0.963711     1.3645    1.84013    2.34815    2.93783    3.56388    4.26105          5 
        41          0   0.280035   0.604973   0.961897    1.38391    1.83767    2.36952    2.93564    3.57841    4.26013          5 
        42          0   0.285225   0.603779   0.976849    1.38179    1.85801    2.36718    2.95375    3.57683    4.26774          5 
        43          0   0.284656   0.613617   0.975212    1.39931    1.85579    2.38646    2.95177    3.58994    4.26691          5 
        44          0   0.289342    0.61254   0.988707    1.39739    1.87414    2.38435    2.96811    3.58851    4.27378          5 
        45          0   0.288829    0.62142    0.98723     1.4132    1.87213    2.40175    2.96633    3.60033    4.27303          5 
        46          0   0.293057   0.620448    0.99941    1.41147     1.8887    2.39985    2.98107    3.59904    4.27922          5 
        47          0   0.292595   0.628464   0.998078    1.42574    1.88689    2.41554    2.97946    3.60972    4.27855          5 
        48          0   0.296411   0.627587    1.00907    1.42418    1.90184    2.41383    2.99277    3.60855    4.28414          5 
        49          0   0.295994    0.63482    1.00787    1.43705     1.9002    2.42799    2.99131    3.61818    4.28353          5 
        50          0   0.299438   0.634029    1.01779    1.43565    1.91369    2.42645    3.00332    3.61713    4.28857          5 
        51          0   0.299061   0.640558     1.0167    1.44727    1.91222    2.43923    3.00201    3.62582    4.28802          5 
        52          0    0.30217   0.639843    1.02566      1.446    1.92439    2.43783    3.01285    3.62487    4.29257          5 
        53          0    0.30183   0.645735    1.02468    1.45648    1.92306    2.44937    3.01166    3.63272    4.29208          5 
        54          0   0.304636   0.645091    1.03276    1.45534    1.93405    2.44811    3.02144    3.63186    4.29618          5 
        55          0   0.304329   0.650408    1.03187     1.4648    1.93285    2.45852    3.02037    3.63894    4.29574          5 
        56          0   0.306861   0.649827    1.03917    1.46377    1.94276    2.45738     3.0292    3.63816    4.29944          5 
        57          0   0.306584   0.654626    1.03837    1.47231    1.94168    2.46678    3.02823    3.64455    4.29904          5 
        58          0   0.308869   0.654101    1.04495    1.47137    1.95063    2.46575    3.03619    3.64385    4.30238          5 
        59          0    0.30862   0.658432    1.04423    1.47908    1.94965    2.47423    3.03532    3.64962    4.30202          5 
        60          0   0.310682   0.657958    1.05017    1.47824    1.95772     2.4733    3.04251    3.64899    4.30504          5 
        61          0   0.310456   0.661867    1.04952     1.4852    1.95684    2.48096    3.04172    3.65419    4.30471          5 
        62          0   0.312317   0.661439    1.05488    1.48444    1.96413    2.48012    3.04821    3.65362    4.30743          5 
        63          0   0.312114   0.664967    1.05429    1.49071    1.96333    2.48702     3.0475    3.65832    4.30713          5 
        64          0   0.313794   0.664581    1.05913    1.49003    1.96991    2.48627    3.05335     3.6578    4.30959          5 
        65          0    0.31361   0.667764     1.0586    1.49569    1.96919     2.4925    3.05271    3.66204    4.30933          5 
        66          0   0.315126   0.667416    1.06297    1.49507    1.97513    2.49182      3.058    3.66158    4.31154          5 
        67          0    0.31496   0.670289    1.06249    1.50019    1.97448    2.49744    3.05742     3.6654     4.3113          5 
        68          0   0.316328   0.669975    1.06643    1.49963    1.97983    2.49683    3.06219    3.66498     4.3133          5 
        69          0   0.316178   0.672567      1.066    1.50424    1.97925    2.50191    3.06166    3.66843    4.31309          5 
        70          0   0.317413   0.672284    1.06955    1.50374    1.98408    2.50135    3.06597    3.66806    4.31489          5 
        71          0   0.317278   0.674623    1.06917     1.5079    1.98355    2.50593     3.0655    3.67117     4.3147          5 
        72          0   0.318392   0.674367    1.07237    1.50745    1.98792    2.50543    3.06938    3.67083    4.31633          5 
        73          0    0.31827   0.676479    1.07202     1.5112    1.98744    2.50956    3.06895    3.67364    4.31615          5 
        74          0   0.319276   0.676248    1.07492    1.51079    1.99138    2.50911    3.07246    3.67333    4.31762          5 
        75          0   0.319166   0.678154     1.0746    1.51418    1.99094    2.51284    3.07207    3.67587    4.31746          5 
        76          0   0.320073   0.677945    1.07722    1.51381     1.9945    2.51243    3.07524    3.67559    4.31879          5 
        77          0   0.319974   0.679665    1.07693    1.51687    1.99411     2.5158    3.07489    3.67788    4.31864          5 
        78          0   0.320793   0.679477    1.07929    1.51654    1.99732    2.51543    3.07774    3.67763    4.31984          5 
        79          0   0.320703   0.681029    1.07903     1.5193    1.99697    2.51847    3.07743     3.6797    4.31971          5 
        80          0   0.321442   0.680859    1.08116      1.519    1.99986    2.51814    3.08001    3.67947    4.32079          5 
        81          0   0.321361   0.682259    1.08093    1.52149    1.99954    2.52088    3.07973    3.68133    4.32067          5 
        82          0   0.322028   0.682106    1.08285    1.52122    2.00215    2.52058    3.08205    3.68113    4.32165          5 
        83          0   0.321955    0.68337    1.08264    1.52347    2.00187    2.52306    3.08179    3.68281    4.32154          5 
        84          0   0.322557   0.683232    1.08437    1.52322    2.00422    2.52279    3.08389    3.68263    4.32243          5 
        85          0   0.322491   0.684373    1.08418    1.52525    2.00397    2.52502    3.08366    3.68415    4.32233          5 
        86          0   0.323035   0.684248    1.08574    1.52503    2.00609    2.52477    3.08556    3.68398    4.32312          5 
        87          0   0.322975   0.685277    1.08557    1.52686    2.00586    2.52679    3.08535    3.68535    4.32304          5 
        88          0   0.323465   0.685165    1.08698    1.52666    2.00778    2.52657    3.08706     3.6852    4.32375          5 
        89          0   0.323412   0.686094    1.08683    1.52832    2.00757    2.52839    3.08687    3.68644    4.32368          5 
        90          0   0.323854   0.685992     1.0881    1.52814     2.0093    2.52819    3.08841     3.6863    4.32432          5 
        91          0   0.323806    0.68683    1.08797    1.52963    2.00911    2.52983    3.08824    3.68742    4.32425          5 
        92          0   0.324205   0.686739    1.08911    1.52946    2.01068    2.52965    3.08963     3.6873    4.32484          5 
        93          0   0.324161   0.687495    1.08899    1.53081    2.01051    2.53113    3.08948     3.6883    4.32477          5 
        94          0   0.324522   0.687413    1.09003    1.53066    2.01192    2.53097    3.09074    3.68819     4.3253          5 
        95          0   0.324482   0.688095    1.08991    1.53188    2.01176    2.53231     3.0906     3.6891    4.32524          5 
        96          0   0.324807   0.688021    1.09085    1.53175    2.01304    2.53216    3.09173      3.689    4.32572          5 
        97          0   0.324772   0.688637    1.09075    1.53284     2.0129    2.53337    3.09161    3.68982    4.32567          5 
        98          0   0.325065    0.68857    1.09159    1.53272    2.01404    2.53324    3.09263    3.68973     4.3261          5 
        99          0   0.325033   0.689126     1.0915    1.53371    2.01392    2.53432    3.09252    3.69047    4.32605          5 
       100          0   0.325298   0.689065    1.09226     1.5336    2.01496    2.53421    3.09344    3.69039    4.32644          5 
       101          0   0.325269   0.689567    1.09218     1.5345    2.01484    2.53519    3.09334    3.69106     4.3264          5 
       102          0   0.325508   0.689512    1.09287     1.5344    2.01578    2.53508    3.09417    3.69099    4.32675          5 
       103          0   0.325482   0.689965    1.09279    1.53521    2.01568    2.53597    3.09408    3.69159    4.32671          5 
       104          0   0.325697   0.689915    1.09341    1.53512    2.01652    2.53587    3.09483    3.69152    4.32702          5 
       105          0   0.325674   0.690324    1.09334    1.53585    2.01643    2.53667    3.09475    3.69207    4.32699          5 
       106          0   0.325868   0.690279    1.09391    1.53577    2.01719    2.53658    3.09543    3.69201    4.32727          5 
       107          0   0.325847   0.690648    1.09384    1.53642    2.01711     2.5373    3.09536     3.6925    4.32724          5 
       108          0   0.326023   0.690608    1.09435    1.53635    2.01779    2.53723    3.09597    3.69244     4.3275          5 
       109          0   0.326004    0.69094    1.09429    1.53694    2.01772    2.53788     3.0959    3.69289    4.32747          5 
       110          0   0.326162   0.690904    1.09475    1.53688    2.01834    2.53781    3.09645    3.69284     4.3277          5 
       111          0   0.326145   0.691204     1.0947    1.53741    2.01827    2.53839    3.09639    3.69324    4.32768          5 
       112          0   0.326288   0.691172    1.09511    1.53735    2.01883    2.53833    3.09689     3.6932    4.32789          5 
       113          0   0.326272   0.691443    1.09507    1.53784    2.01877    2.53886    3.09684    3.69356    4.32786          5 
       114          0   0.326401   0.691413    1.09544    1.53778    2.01928     2.5388    3.09729    3.69352    4.32805          5 
       115          0   0.326387   0.691658     1.0954    1.53822    2.01922    2.53928    3.09724    3.69384    4.32803          5 
       116          0   0.326504   0.691631    1.09573    1.53817    2.01968    2.53923    3.09764    3.69381     4.3282          5 
       117          0   0.326491   0.691852     1.0957    1.53856    2.01963    2.53966     3.0976     3.6941    4.32818          5 
       118          0   0.326596   0.691828      1.096    1.53852    2.02004    2.53961    3.09797    3.69407    4.32834          5 
       119          0   0.326585   0.692027    1.09597    1.53888    2.01999       2.54    3.09793    3.69433    4.32832          5 
       120          0   0.326679   0.692005    1.09624    1.53884    2.02037    2.53996    3.09826     3.6943    4.32846          5 
       121          0   0.326669   0.692185    1.09621    1.53916    2.02033    2.54031    3.09822    3.69454    4.32845          5 
       122          0   0.326755   0.692165    1.09646    1.53912    2.02066    2.54028    3.09852    3.69452    4.32857          5 
       123          0   0.326745   0.692327    1.09643    1.53941    2.02062    2.54059    3.09849    3.69473    4.32856          5 
       124          0   0.326823    0.69231    1.09665    1.53938    2.02093    2.54056    3.09876    3.69471    4.32867          5 
       125          0   0.326814   0.692456    1.09663    1.53964    2.02089    2.54084    3.09873    3.69491    4.32866          5 
       126          0   0.326884    0.69244    1.09683    1.53961    2.02117    2.54081    3.09897    3.69488    4.32876          5 
       127          0   0.326876   0.692572    1.09681    1.53985    2.02114    2.54107    3.09894    3.69506    4.32875          5 
       128          0   0.326939   0.692558    1.09699    1.53982    2.02138    2.54104    3.09916    3.69504    4.32884          5 
       129          0   0.326932   0.692677    1.09697    1.54003    2.02136    2.54128    3.09914     3.6952    4.32883          5 
       130          0   0.326989   0.692664    1.09713    1.54001    2.02158    2.54125    3.09934    3.69518    4.32891          5 
       131          0   0.326983   0.692772    1.09711     1.5402    2.02155    2.54146    3.09931    3.69533     4.3289          5 
       132          0   0.327034    0.69276    1.09726    1.54018    2.02175    2.54144    3.09949    3.69531    4.32898          5 
