            0,000000  0,100000  0,200000  0,300000  0,400000  0,500000  0,600000  0,700000  0,800000  0,900000  1,000000
  1,000000  1,050182  1,169306  1,294560  1,427409  1,569484  1,722548  1,888447  2,069067  2,266307  2,482068  2,718282
  0,900000  0,931058  1,044053  1,161711  1,285333  1,416420  1,556650  1,707826  1,871827  2,050546  2,245854  2,459603
  0,800000  0,818063  0,926394  1,038089  1,154246  1,276191  1,405473  1,543825  1,693109  1,855238  2,032104  2,225541
  0,700000  0,709732  0,814700  0,921933  1,032300  1,146909  1,267121  1,394542  1,530981  1,678371  1,838668  2,013753
  0,600000  0,604765  0,707466  0,811565  0,917691  1,026698  1,139700  1,258102  1,383590  1,518074  1,663584  1,822119
  0,500000  0,502064  0,603368  0,705439  0,808685  0,913695  1,021297  1,132615  1,249106  1,372564  1,505048  1,648721
  0,400000  0,400759  0,501296  0,602193  0,703675  0,806093  0,909980  1,016124  1,125648  1,240080  1,361376  1,491825
  0,300000  0,300223  0,400399  0,500711  0,601258  0,702206  0,803836  0,906600  1,011215  1,118785  1,230927  1,349859
  0,200000  0,200046  0,300087  0,400164  0,500309  0,600577  0,701073  0,801984  0,903645  1,006644  1,111994  1,221403
  0,100000  0,100005  0,200010  0,300020  0,400040  0,500081  0,600162  0,700323  0,800646  0,901293  1,002586  1,105171
  0,000000  0,000000  0,100000  0,200000  0,300000  0,400000  0,500000  0,600000  0,700000  0,800000  0,900000  1,000000
